-4.657096111408512082e-03
-4.839127114393314624e-03
5.039613956583788995e-02
-1.313715620453300426e-01
4.303828489756478248e-02
2.543797073581722246e-01
-3.077254135743111574e-01
3.481944637051692659e-01
-3.744538286669876759e-01
3.528145992394384201e-01
3.112612506845915950e-01
-3.235701072678301982e-01
2.635643506716885409e-01
-2.035504689154127855e-01
1.536797342111281828e-01
-1.499975910582380945e-01
1.592887493438085167e-01
-1.411520520997442130e-01
4.956084493895612092e-02
-4.785624236438446727e-02
