3.833216410936312463e-02
7.244895185078246980e-02
5.619972590047698363e-02
9.711982999520479484e-03
-4.399598083286464928e-02
-6.837766324665792150e-02
-2.630341877030827752e-02
5.150854745296677695e-02
4.098465655013000530e-02
-4.534240214210193132e-02
-6.500143714409466200e-02
2.100177534076763317e-02
1.290959271833275468e-01
5.414629367769302655e-03
-2.050568259519380543e-01
-8.405726026131388195e-02
2.326495951917857408e-01
3.417540247983928414e-01
1.308910704255786817e-01
-4.265986723117747847e-01
