4.547781278866824123e-02
-9.690480422066575714e-03
-4.255143302141015105e-02
-5.668225536130803294e-02
-5.566015779370579730e-02
-4.310520949190854018e-02
-2.296153417746360156e-02
-2.701535291650084087e-05
1.990294092931841133e-02
3.077570075477830541e-02
2.758208124609181841e-02
1.074997770846937775e-02
-7.256776302192040860e-03
-1.410232888197609190e-02
-1.063632188411158148e-02
-1.027273832355514579e-03
1.055629674953523743e-02
1.994587133780367089e-02
2.297293140869289749e-02
1.546895843844594068e-02
