8.068262261138141600e-01
7.264312178156207001e-01
6.551050378151669351e-01
5.926170497388968395e-01
5.387366172132567188e-01
4.932331038646908250e-01
4.558758733196450197e-01
4.264342892045649980e-01
4.046777151458954558e-01
3.903755147700822548e-01
3.832938475955237068e-01
3.831860567084330316e-01
3.898022810869769539e-01
4.028926597093214768e-01
4.222073315536335469e-01
4.474964355980792230e-01
4.785101108208252851e-01
5.149984962000380140e-01
5.567117307138841342e-01
6.033999533405297599e-01
