8.841621967271565685e-01
7.776778433685218594e-01
7.233437941434588403e-01
4.232437047087753701e-01
4.842956194726968366e-01
6.505334278225904932e-01
9.540847458335155462e-02
8.369221932559955945e-01
1.003318019398556915e-01
7.271686436073219184e-01
6.556433109896435685e-01
9.276201628014268952e-02
7.709270239800813940e-01
1.854213724976470079e-01
3.605357709736287664e-01
2.141129123540260748e-01
8.807868741540031410e-01
7.418412553730205916e-01
7.481270901243046723e-01
1.416985548721017008e-01
