-4.657096111408512082e-03
-4.839127114393313757e-03
5.039613956583788995e-02
-1.313715620453300703e-01
4.303828489756480330e-02
2.543797073581721691e-01
-3.077254135743111574e-01
3.481944637051692104e-01
-3.744538286669877314e-01
3.528145992394383645e-01
3.112612506845915950e-01
-3.235701072678301982e-01
2.635643506716884854e-01
-2.035504689154127855e-01
1.536797342111281828e-01
-1.499975910582380667e-01
1.592887493438085167e-01
-1.411520520997442130e-01
4.956084493895611398e-02
-4.785624236438446727e-02
