4.547781278866825511e-02
-9.690480422066579183e-03
-4.255143302141013023e-02
-5.668225536130804681e-02
-5.566015779370579036e-02
-4.310520949190852630e-02
-2.296153417746360156e-02
-2.701535291650292118e-05
1.990294092931841133e-02
3.077570075477829847e-02
2.758208124609181494e-02
1.074997770846937775e-02
-7.256776302192041728e-03
-1.410232888197609190e-02
-1.063632188411158322e-02
-1.027273832355514145e-03
1.055629674953523917e-02
1.994587133780366395e-02
2.297293140869289749e-02
1.546895843844594068e-02
