8.068262261138141600e-01
7.264312178156207001e-01
6.551050378151667131e-01
5.926170497388968395e-01
5.387366172132566078e-01
4.932331038646907695e-01
4.558758733196449087e-01
4.264342892045649425e-01
4.046777151458955113e-01
3.903755147700821437e-01
3.832938475955237068e-01
3.831860567084330316e-01
3.898022810869769539e-01
4.028926597093214212e-01
4.222073315536334914e-01
4.474964355980792230e-01
4.785101108208252851e-01
5.149984962000381250e-01
5.567117307138841342e-01
6.033999533405298710e-01
